EFGAve: 1.000000
SurfAve: 1.000000
